100
875 93
320 75
1000 98
289 65
270 26
656 95
285 29
958 86
500 44
451 5
2 97
885 57
2 2
1000 95
93 3
924 39
428 98
173 90
2 1
2 50
1000 4
497 91
508 54
728 33
103 5
565 89
744 91
397 40
1000 3
712 1
124 68
835 62
1000 2
509 10
642 34
387 98
226 22
432 88
424 35
67 45
911 80
2 98
239 20
1000 96
277 79
853 50
398 61
2 4
838 46
959 86
1000 5
30 46
2 99
24 85
758 85
81 39
915 30
494 92
29 97
659 89
1000 1
537 11
950 95
440 28
977 44
2 5
598 42
373 46
3 10
635 54
319 10
13 37
824 54
582 60
79 65
807 16
808 71
918 38
755 11
906 56
865 5
2 95
964 38
871 75
1000 99
2 3
793 69
264 31
1000 97
289 48
555 27
583 72
551 71
362 76
125 51
633 94
413 35
2 96
95 37
355 11
